{
  "advancedEditorSelectedIdentifier" : "BehaviorsPluginID",
  "openSceneRelativePaths" : [
    "Scene.usda"
  ],
  "recentIdentifiers" : {
    "D66134B1-3681-4A8E-AFE5-29F257229F3B" : [

    ]
  },
  "sceneCameraHistory" : {
    "D66134B1-3681-4A8E-AFE5-29F257229F3B" : [
      {
        "date" : 753160446.163507,
        "title" : "Untitled",
        "transform" : [
          0.9700073,
          2.5145996e-11,
          0.2430755,
          0,
          -0.0010292662,
          0.999991,
          0.0041073477,
          0,
          -0.24307334,
          -0.004234347,
          0.96999866,
          0,
          0.08866972,
          1.4390274,
          0.36405113,
          1
        ]
      },
      {
        "date" : 753160250.171178,
        "title" : "Untitled",
        "transform" : [
          0.96556586,
          -2.236993e-09,
          -0.2601585,
          0,
          -0.032243166,
          0.9922901,
          -0.11966897,
          0,
          0.25815275,
          0.123936616,
          0.95812154,
          0,
          0.08866972,
          1.4390274,
          0.36405113,
          1
        ]
      },
      {
        "date" : 753160240.200983,
        "title" : "Untitled",
        "transform" : [
          0.99402416,
          5.299839e-09,
          0.10915992,
          0,
          -0.020438185,
          0.98231584,
          0.18611279,
          0,
          -0.10722952,
          -0.18723167,
          0.9764456,
          0,
          0.08866972,
          1.4390274,
          0.36405113,
          1
        ]
      },
      {
        "date" : 753160235.206255,
        "title" : "Untitled",
        "transform" : [
          0.99402416,
          5.299839e-09,
          0.10915992,
          0,
          -0.020438185,
          0.98231584,
          0.18611279,
          0,
          -0.10722952,
          -0.18723167,
          0.9764456,
          0,
          -4.6487055,
          -2.218521,
          4.113008,
          1
        ]
      },
      {
        "date" : 753160218.815048,
        "title" : "Untitled",
        "transform" : [
          0.99402416,
          5.299839e-09,
          0.10915992,
          0,
          -0.020438185,
          0.98231584,
          0.18611279,
          0,
          -0.10722952,
          -0.18723167,
          0.9764456,
          0,
          -0.9789557,
          0.7152414,
          0.20981312,
          1
        ]
      },
      {
        "date" : 753159999.486087,
        "title" : "Untitled",
        "transform" : [
          0.99402416,
          5.299839e-09,
          0.10915992,
          0,
          -0.020438185,
          0.98231584,
          0.18611279,
          0,
          -0.10722952,
          -0.18723167,
          0.9764456,
          0,
          -0.06997079,
          0.98046625,
          0.36049065,
          1
        ]
      },
      {
        "date" : 753159007.192665,
        "title" : "Untitled",
        "transform" : [
          0.99402416,
          5.299839e-09,
          0.10915992,
          0,
          -0.020438185,
          0.98231584,
          0.18611279,
          0,
          -0.10722952,
          -0.18723167,
          0.9764456,
          0,
          -0.06997079,
          0.98046625,
          0.36049065,
          1
        ]
      },
      {
        "date" : 753159004.144082,
        "title" : "Untitled",
        "transform" : [
          0.99402416,
          5.299839e-09,
          0.10915992,
          0,
          -0.020438185,
          0.98231584,
          0.18611279,
          0,
          -0.10722952,
          -0.18723167,
          0.9764456,
          0,
          -0.006241682,
          0.7840033,
          0.32981774,
          1
        ]
      },
      {
        "date" : 753159002.577426,
        "title" : "Untitled",
        "transform" : [
          0.99402416,
          5.299839e-09,
          0.10915992,
          0,
          -0.020438185,
          0.98231584,
          0.18611279,
          0,
          -0.10722952,
          -0.18723167,
          0.9764456,
          0,
          -0.006241682,
          0.7840033,
          0.32981774,
          1
        ]
      },
      {
        "date" : 753158569.614698,
        "title" : "Untitled",
        "transform" : [
          0.99402416,
          5.299839e-09,
          0.10915992,
          0,
          -0.020438185,
          0.98231584,
          0.18611279,
          0,
          -0.10722952,
          -0.18723167,
          0.9764456,
          0,
          -0.034839757,
          -0.20564799,
          1.8409733,
          1
        ]
      }
    ]
  },
  "sceneViewportBackgroundColors" : {

  },
  "selectedSceneRelativePath" : "Scene.usda"
}