{
  "advancedEditorSelectedIdentifier" : "ProjectBrowser",
  "openSceneRelativePaths" : [
    "Scene.usda"
  ],
  "recentIdentifiers" : {
    "D66134B1-3681-4A8E-AFE5-29F257229F3B" : [

    ]
  },
  "sceneCameraHistory" : {
    "D66134B1-3681-4A8E-AFE5-29F257229F3B" : [
      {
        "date" : 752769096.159117,
        "title" : "Untitled",
        "transform" : [
          0.9878652,
          0,
          -0.15531352,
          0,
          -0.10982324,
          0.7071069,
          -0.6985262,
          0,
          0.109823264,
          0.70710677,
          0.6985263,
          0,
          0.4899524,
          3.1546018,
          3.1163216,
          1
        ]
      },
      {
        "date" : 752769093.193049,
        "title" : "Untitled",
        "transform" : [
          0.9878652,
          0,
          -0.15531352,
          0,
          -0.10982324,
          0.7071069,
          -0.6985262,
          0,
          0.109823264,
          0.70710677,
          0.6985263,
          0,
          0.67308325,
          4.333706,
          4.2811174,
          1
        ]
      },
      {
        "date" : 752769087.708961,
        "title" : "Untitled",
        "transform" : [
          0.9878652,
          0,
          -0.15531352,
          0,
          -0.10982324,
          0.7071069,
          -0.6985262,
          0,
          0.109823264,
          0.70710677,
          0.6985263,
          0,
          9.267927,
          59.67237,
          58.94827,
          1
        ]
      },
      {
        "date" : 752768273.991217,
        "title" : "Untitled",
        "transform" : [
          1,
          0,
          0,
          0,
          0,
          0.7071069,
          -0.70710677,
          0,
          0,
          0.70710677,
          0.7071069,
          0,
          0,
          127.086876,
          127.08689,
          1
        ]
      },
      {
        "date" : 752768271.894175,
        "title" : "Untitled",
        "transform" : [
          1,
          0,
          0,
          0,
          0,
          0.7071069,
          -0.70710677,
          0,
          0,
          0.70710677,
          0.7071069,
          0,
          0,
          140.03003,
          140.03004,
          1
        ]
      }
    ]
  },
  "sceneViewportBackgroundColors" : {

  },
  "selectedSceneRelativePath" : "Scene.usda"
}