{
  "advancedEditorSelectedIdentifier" : "ProjectBrowser",
  "openSceneRelativePaths" : [
    "Scene.usda"
  ],
  "recentIdentifiers" : {
    "D66134B1-3681-4A8E-AFE5-29F257229F3B" : [

    ]
  },
  "sceneCameraHistory" : {
    "D66134B1-3681-4A8E-AFE5-29F257229F3B" : [
      {
        "date" : 753026685.811417,
        "title" : "Untitled",
        "transform" : [
          -0.8564916,
          -9.725122e-09,
          -0.51616085,
          0,
          -0.087910846,
          0.9853894,
          0.14587483,
          0,
          0.5086195,
          0.17031671,
          -0.84397775,
          0,
          27.665281,
          22.550507,
          -91.196785,
          1
        ]
      },
      {
        "date" : 753026680.812382,
        "title" : "Untitled",
        "transform" : [
          -0.44018415,
          -1.169235e-08,
          -0.8979075,
          0,
          -0.105429545,
          0.99308276,
          0.051685054,
          0,
          0.89169645,
          0.117416926,
          -0.4371393,
          0,
          86.24278,
          -3.1066349,
          -41.959812,
          1
        ]
      },
      {
        "date" : 753026676.177855,
        "title" : "Untitled",
        "transform" : [
          -0.44018415,
          -1.169235e-08,
          -0.8979075,
          0,
          -0.105429545,
          0.99308276,
          0.051685054,
          0,
          0.89169645,
          0.117416926,
          -0.4371393,
          0,
          112.61787,
          23.19199,
          -69.95289,
          1
        ]
      },
      {
        "date" : 753026670.060463,
        "title" : "Untitled",
        "transform" : [
          -0.9832052,
          1.7400055e-09,
          -0.18250343,
          0,
          -0.1360829,
          0.6663427,
          0.7331227,
          0,
          0.12160985,
          0.7456457,
          -0.6551516,
          0,
          2.219332,
          104.73624,
          -84.49529,
          1
        ]
      },
      {
        "date" : 753026664.39456,
        "title" : "Untitled",
        "transform" : [
          -0.8719365,
          3.088463e-09,
          -0.48961923,
          0,
          -0.18389425,
          0.92678744,
          0.32748735,
          0,
          0.4537729,
          0.37558627,
          -0.8080997,
          0,
          110.30516,
          39.774246,
          -85.052765,
          1
        ]
      },
      {
        "date" : 753026659.062031,
        "title" : "Untitled",
        "transform" : [
          -0.79197115,
          8.205827e-10,
          -0.61055857,
          0,
          -0.14819296,
          0.9700971,
          0.19222489,
          0,
          0.5923011,
          0.24271704,
          -0.7682889,
          0,
          124.066086,
          21.518183,
          -71.60843,
          1
        ]
      },
      {
        "date" : 753026628.095595,
        "title" : "Untitled",
        "transform" : [
          -0.79197115,
          8.205827e-10,
          -0.61055857,
          0,
          -0.14819296,
          0.9700971,
          0.19222489,
          0,
          0.5923011,
          0.24271704,
          -0.7682889,
          0,
          53.465485,
          4.2582655,
          -19.11016,
          1
        ]
      },
      {
        "date" : 753026610.612958,
        "title" : "Untitled",
        "transform" : [
          -0.7919712,
          -2.0526842e-09,
          -0.61055857,
          0,
          -0.14819296,
          0.9700971,
          0.19222489,
          0,
          0.592301,
          0.24271706,
          -0.768289,
          0,
          50.095978,
          4.4924417,
          -37.779465,
          1
        ]
      },
      {
        "date" : 753026604.288452,
        "title" : "Untitled",
        "transform" : [
          -0.16609491,
          1.4291229e-09,
          -0.98610985,
          0,
          -0.1160831,
          0.99304706,
          0.019552395,
          0,
          0.9792534,
          0.117718235,
          -0.1649402,
          0,
          42.466682,
          0.46052077,
          -0.59156215,
          1
        ]
      },
      {
        "date" : 753026600.927673,
        "title" : "Untitled",
        "transform" : [
          -0.16609491,
          1.4291229e-09,
          -0.98610985,
          0,
          -0.1160831,
          0.99304706,
          0.019552395,
          0,
          0.9792534,
          0.117718235,
          -0.1649402,
          0,
          47.1137,
          1.328104,
          -1.7060165,
          1
        ]
      }
    ]
  },
  "sceneViewportBackgroundColors" : {

  },
  "selectedSceneRelativePath" : "Scene.usda"
}