{
  "advancedEditorSelectedIdentifier" : "BehaviorsPluginID",
  "openSceneRelativePaths" : [
    "Scene.usda"
  ],
  "recentIdentifiers" : {
    "D66134B1-3681-4A8E-AFE5-29F257229F3B" : [

    ]
  },
  "sceneCameraHistory" : {
    "D66134B1-3681-4A8E-AFE5-29F257229F3B" : [
      {
        "date" : 753115835.361583,
        "title" : "Untitled",
        "transform" : [
          0.7554318,
          -3.9521566e-08,
          -0.6552273,
          0,
          -0.3560983,
          0.8394267,
          -0.41055673,
          0,
          0.55001533,
          0.54347295,
          0.6341296,
          0,
          20.329865,
          44.452606,
          25.641533,
          1
        ]
      },
      {
        "date" : 753114575.115838,
        "title" : "Untitled",
        "transform" : [
          0.7554318,
          -3.9521566e-08,
          -0.6552273,
          0,
          -0.3560983,
          0.8394267,
          -0.41055673,
          0,
          0.55001533,
          0.54347295,
          0.6341296,
          0,
          20.6748,
          45.70042,
          24.272924,
          1
        ]
      },
      {
        "date" : 753111877.608153,
        "title" : "Untitled",
        "transform" : [
          0.7554317,
          -6.9926244e-08,
          -0.65522736,
          0,
          -0.35609832,
          0.83942676,
          -0.4105567,
          0,
          0.5500154,
          0.54347295,
          0.6341296,
          0,
          33.368908,
          32.57726,
          41.39022,
          1
        ]
      },
      {
        "date" : 753111868.97281,
        "title" : "Untitled",
        "transform" : [
          0.82443166,
          -6.9926244e-08,
          -0.5659615,
          0,
          -0.3075847,
          0.83942676,
          -0.4480563,
          0,
          0.4750832,
          0.54347295,
          0.69205,
          0,
          66137.484,
          75614.805,
          104183.66,
          1
        ]
      },
      {
        "date" : 753107198.775986,
        "title" : "Untitled",
        "transform" : [
          0.82443166,
          -2.2159977e-08,
          -0.5659615,
          0,
          0.059789106,
          0.99440426,
          0.087094195,
          0,
          0.56279445,
          -0.10564155,
          0.8198184,
          0,
          19.106264,
          21.317884,
          27.496834,
          1
        ]
      },
      {
        "date" : 753107192.053263,
        "title" : "Untitled",
        "transform" : [
          0.25980186,
          -4.1552777e-08,
          -0.9656619,
          0,
          -0.48514625,
          0.8646367,
          -0.13052389,
          0,
          0.83494675,
          0.5023976,
          0.2246342,
          0,
          28.234196,
          41.81539,
          7.3997254,
          1
        ]
      },
      {
        "date" : 753107181.737422,
        "title" : "Untitled",
        "transform" : [
          0.25980186,
          -4.1552777e-08,
          -0.9656619,
          0,
          -0.48514625,
          0.8646367,
          -0.13052389,
          0,
          0.83494675,
          0.5023976,
          0.2246342,
          0,
          15772.198,
          9418.422,
          4133.638,
          1
        ]
      },
      {
        "date" : 753107124.537275,
        "title" : "Untitled",
        "transform" : [
          0.2598018,
          -4.838201e-08,
          -0.96566194,
          0,
          -0.48502958,
          0.8647069,
          -0.13049242,
          0,
          0.83501446,
          0.50227684,
          0.22465236,
          0,
          66.07438,
          39.601555,
          17.567822,
          1
        ]
      },
      {
        "date" : 753107122.503631,
        "title" : "Untitled",
        "transform" : [
          0.2598018,
          -4.838201e-08,
          -0.96566194,
          0,
          -0.48502958,
          0.8647069,
          -0.13049242,
          0,
          0.83501446,
          0.50227684,
          0.22465236,
          0,
          29.53267,
          17.70035,
          7.8521304,
          1
        ]
      },
      {
        "date" : 753107112.153115,
        "title" : "Untitled",
        "transform" : [
          0.12967595,
          -4.838201e-08,
          0.99155647,
          0,
          0.4980358,
          0.8647069,
          -0.065133214,
          0,
          -0.85740566,
          0.50227684,
          0.11213175,
          0,
          -5585.7617,
          3264.2346,
          747.2721,
          1
        ]
      }
    ]
  },
  "sceneViewportBackgroundColors" : {

  },
  "selectedSceneRelativePath" : "Scene.usda"
}