{
  "advancedEditorSelectedIdentifier" : "StatisticsPluginID",
  "openSceneRelativePaths" : [

  ],
  "recentIdentifiers" : {
    "D66134B1-3681-4A8E-AFE5-29F257229F3B" : [

    ]
  },
  "sceneCameraHistory" : {
    "7D996F24-3B98-444E-95C3-F98776BD4916" : [
      {
        "date" : 753028228.661918,
        "title" : "Untitled",
        "transform" : [
          0.4866912,
          -4.1728243e-10,
          0.8735741,
          0,
          0.54230165,
          0.7839809,
          -0.30213064,
          0,
          -0.68486536,
          0.620785,
          0.38155663,
          0,
          -11.72851,
          10.731778,
          6.513701,
          1
        ]
      },
      {
        "date" : 753028224.895404,
        "title" : "Untitled",
        "transform" : [
          0.9986899,
          0,
          -0.051170874,
          0,
          -0.03618327,
          0.7071069,
          -0.7061804,
          0,
          0.03618328,
          0.70710677,
          0.7061805,
          0,
          0.60060567,
          12.208235,
          12.072928,
          1
        ]
      }
    ],
    "D66134B1-3681-4A8E-AFE5-29F257229F3B" : [
      {
        "date" : 753029313.581416,
        "title" : "Untitled",
        "transform" : [
          -0.5585177,
          1.1840332e-07,
          0.82949257,
          0,
          0.18109386,
          0.97587746,
          0.12193474,
          0,
          -0.8094831,
          0.2183187,
          -0.5450449,
          0,
          -2.7657409,
          0.6651716,
          -7.5340343,
          1
        ]
      },
      {
        "date" : 753029133.40871,
        "title" : "Untitled",
        "transform" : [
          -0.5585177,
          1.1840332e-07,
          0.82949257,
          0,
          0.18109386,
          0.97587746,
          0.12193474,
          0,
          -0.8094831,
          0.2183187,
          -0.5450449,
          0,
          -2.0356483,
          0.69640064,
          -8.605835,
          1
        ]
      },
      {
        "date" : 753029114.064082,
        "title" : "Untitled",
        "transform" : [
          -0.5585177,
          1.1840332e-07,
          0.82949257,
          0,
          0.18109386,
          0.97587746,
          0.12193474,
          0,
          -0.8094831,
          0.2183187,
          -0.5450449,
          0,
          -3.9986188,
          6.1129904,
          -3.520876,
          1
        ]
      },
      {
        "date" : 753029110.82609,
        "title" : "Untitled",
        "transform" : [
          -0.5585177,
          1.1840332e-07,
          0.82949257,
          0,
          0.18109386,
          0.97587746,
          0.12193474,
          0,
          -0.8094831,
          0.2183187,
          -0.5450449,
          0,
          -2.7825778,
          3.9607916,
          -6.1889687,
          1
        ]
      },
      {
        "date" : 753029108.688208,
        "title" : "Untitled",
        "transform" : [
          -0.5585177,
          1.1840332e-07,
          0.82949257,
          0,
          0.18109386,
          0.97587746,
          0.12193474,
          0,
          -0.8094831,
          0.2183187,
          -0.5450449,
          0,
          -3.429327,
          4.5017786,
          -5.0117435,
          1
        ]
      },
      {
        "date" : 753029084.455401,
        "title" : "Untitled",
        "transform" : [
          -0.5585177,
          1.1840332e-07,
          0.82949257,
          0,
          0.18109386,
          0.97587746,
          0.12193474,
          0,
          -0.8094831,
          0.2183187,
          -0.5450449,
          0,
          -3.722578,
          4.8075695,
          -4.4537315,
          1
        ]
      },
      {
        "date" : 753029057.796418,
        "title" : "Untitled",
        "transform" : [
          -0.12152608,
          1.1271782e-07,
          0.9925882,
          0,
          0.5750382,
          0.81509167,
          0.070403844,
          0,
          -0.80905044,
          0.57933205,
          -0.09905496,
          0,
          -25.525846,
          54.716763,
          21.033318,
          1
        ]
      },
      {
        "date" : 753029052.837996,
        "title" : "Untitled",
        "transform" : [
          0.39503896,
          1.1199728e-07,
          0.91866434,
          0,
          0.45928293,
          0.8660563,
          -0.19749843,
          0,
          -0.79561514,
          0.49994648,
          0.34212595,
          0,
          -32.341133,
          51.18045,
          41.747147,
          1
        ]
      },
      {
        "date" : 753028871.399755,
        "title" : "Untitled",
        "transform" : [
          0.39503896,
          1.1199728e-07,
          0.91866434,
          0,
          0.45928293,
          0.8660563,
          -0.19749843,
          0,
          -0.79561514,
          0.49994648,
          0.34212595,
          0,
          -50.248466,
          34.727943,
          24.145523,
          1
        ]
      },
      {
        "date" : 753028723.940245,
        "title" : "Untitled",
        "transform" : [
          0.41127852,
          1.1199728e-07,
          0.91150975,
          0,
          0.45570603,
          0.8660563,
          -0.20561732,
          0,
          -0.7894188,
          0.49994648,
          0.35619032,
          0,
          -13.205865,
          12.285335,
          22.203201,
          1
        ]
      }
    ]
  },
  "sceneViewportBackgroundColors" : {

  }
}