{
  "advancedEditorSelectedIdentifier" : "ProjectBrowser",
  "openSceneRelativePaths" : [
    "Scene.usda",
    "Scene 1.usda"
  ],
  "recentIdentifiers" : {
    "D66134B1-3681-4A8E-AFE5-29F257229F3B" : [

    ]
  },
  "sceneCameraHistory" : {
    "D66134B1-3681-4A8E-AFE5-29F257229F3B" : [
      {
        "date" : 753019776.041065,
        "title" : "Untitled",
        "transform" : [
          0.92085326,
          1.0895841e-07,
          0.3899094,
          0,
          0.2720398,
          0.7163897,
          -0.64247966,
          0,
          -0.27932706,
          0.6977003,
          0.6596898,
          0,
          -1.3834269,
          11.90706,
          11.265225,
          1
        ]
      },
      {
        "date" : 753019715.400435,
        "title" : "Untitled",
        "transform" : [
          0.92085326,
          1.0895841e-07,
          0.3899094,
          0,
          0.2720398,
          0.7163897,
          -0.64247966,
          0,
          -0.27932706,
          0.6977003,
          0.6596898,
          0,
          3.4899833,
          14.928796,
          10.132889,
          1
        ]
      },
      {
        "date" : 753019713.513365,
        "title" : "Untitled",
        "transform" : [
          0.92085326,
          1.0895841e-07,
          0.3899094,
          0,
          0.2720398,
          0.7163897,
          -0.64247966,
          0,
          -0.27932706,
          0.6977003,
          0.6596898,
          0,
          2.2596188,
          9.665773,
          6.560623,
          1
        ]
      },
      {
        "date" : 753019683.654417,
        "title" : "Untitled",
        "transform" : [
          0.92085326,
          1.0895841e-07,
          0.3899094,
          0,
          0.2720398,
          0.7163897,
          -0.64247966,
          0,
          -0.27932706,
          0.6977003,
          0.6596898,
          0,
          -3.2828436,
          4.7343497,
          9.429393,
          1
        ]
      },
      {
        "date" : 753019675.13998,
        "title" : "Untitled",
        "transform" : [
          0.9318021,
          1.0895841e-07,
          0.36296687,
          0,
          0.25324202,
          0.7163897,
          -0.65011865,
          0,
          -0.26002574,
          0.6977003,
          0.6675334,
          0,
          -0.26268542,
          0.7843859,
          0.8316527,
          1
        ]
      },
      {
        "date" : 753019667.480545,
        "title" : "Untitled",
        "transform" : [
          0.9318021,
          1.0120975e-07,
          0.36296684,
          0,
          0.25324205,
          0.71638966,
          -0.65011865,
          0,
          -0.26002574,
          0.69770044,
          0.6675334,
          0,
          3.1202414,
          8.230787,
          7.541113,
          1
        ]
      },
      {
        "date" : 753019646.319223,
        "title" : "Untitled",
        "transform" : [
          0.9317744,
          1.0120975e-07,
          0.3630379,
          0,
          0.25329164,
          0.71638966,
          -0.65009934,
          0,
          -0.26007667,
          0.69770044,
          0.66751355,
          0,
          1.4565804,
          6.28582,
          1.4265599,
          1
        ]
      },
      {
        "date" : 753019568.14572,
        "title" : "Untitled",
        "transform" : [
          0.9317744,
          1.0120975e-07,
          0.3630379,
          0,
          0.25329164,
          0.71638966,
          -0.65009934,
          0,
          -0.26007667,
          0.69770044,
          0.66751355,
          0,
          -0.8531852,
          2.3693683,
          4.620194,
          1
        ]
      },
      {
        "date" : 753019551.65438,
        "title" : "Untitled",
        "transform" : [
          0.9258443,
          1.0120975e-07,
          0.3779052,
          0,
          0.26366454,
          0.71638966,
          -0.64596194,
          0,
          -0.27072746,
          0.69770044,
          0.6632653,
          0,
          -2.9428563,
          7.521594,
          14.621642,
          1
        ]
      },
      {
        "date" : 753019550.400776,
        "title" : "Untitled",
        "transform" : [
          0.9258443,
          1.0120975e-07,
          0.3779052,
          0,
          0.26366454,
          0.71638966,
          -0.64596194,
          0,
          -0.27072746,
          0.69770044,
          0.6632653,
          0,
          -0.048863888,
          13.231482,
          9.796563,
          1
        ]
      }
    ]
  },
  "sceneViewportBackgroundColors" : {

  },
  "selectedSceneRelativePath" : "Scene.usda"
}