{
  "advancedEditorSelectedIdentifier" : "BehaviorsPluginID",
  "openSceneRelativePaths" : [
    "Scene.usda"
  ],
  "recentIdentifiers" : {
    "D66134B1-3681-4A8E-AFE5-29F257229F3B" : [

    ]
  },
  "sceneCameraHistory" : {
    "7D996F24-3B98-444E-95C3-F98776BD4916" : [
      {
        "date" : 753028228.661918,
        "title" : "Untitled",
        "transform" : [
          0.4866912,
          -4.1728243e-10,
          0.8735741,
          0,
          0.54230165,
          0.7839809,
          -0.30213064,
          0,
          -0.68486536,
          0.620785,
          0.38155663,
          0,
          -11.72851,
          10.731778,
          6.513701,
          1
        ]
      },
      {
        "date" : 753028224.895404,
        "title" : "Untitled",
        "transform" : [
          0.9986899,
          0,
          -0.051170874,
          0,
          -0.03618327,
          0.7071069,
          -0.7061804,
          0,
          0.03618328,
          0.70710677,
          0.7061805,
          0,
          0.60060567,
          12.208235,
          12.072928,
          1
        ]
      }
    ],
    "D66134B1-3681-4A8E-AFE5-29F257229F3B" : [
      {
        "date" : 753116458.443985,
        "title" : "Untitled",
        "transform" : [
          0.73628306,
          -3.6603042e-06,
          0.67667365,
          0,
          -0.0809854,
          0.99281186,
          0.08812494,
          0,
          -0.6718099,
          -0.11968556,
          0.73099023,
          0,
          -26.006964,
          4.6737776,
          25.439161,
          1
        ]
      },
      {
        "date" : 753116448.213207,
        "title" : "Untitled",
        "transform" : [
          0.16868655,
          -3.648351e-06,
          0.98566973,
          0,
          0.2216029,
          0.9743994,
          -0.03792128,
          0,
          -0.9604359,
          0.22482412,
          0.16436887,
          0,
          -29.504164,
          19.599829,
          5.7777166,
          1
        ]
      },
      {
        "date" : 753116446.443961,
        "title" : "Untitled",
        "transform" : [
          0.515976,
          -3.6486952e-06,
          0.856603,
          0,
          0.16520076,
          0.9812276,
          -0.0995047,
          0,
          -0.84052217,
          0.19285354,
          0.5062905,
          0,
          -27.07717,
          18.62457,
          16.665462,
          1
        ]
      },
      {
        "date" : 753116433.212968,
        "title" : "Untitled",
        "transform" : [
          0.515976,
          -3.6486952e-06,
          0.856603,
          0,
          0.16520076,
          0.9812276,
          -0.0995047,
          0,
          -0.84052205,
          0.19285351,
          0.50629044,
          0,
          -21.393852,
          7.0831923,
          30.496944,
          1
        ]
      },
      {
        "date" : 753116428.717844,
        "title" : "Untitled",
        "transform" : [
          -0.4099117,
          -3.6665654e-06,
          0.91212523,
          0,
          -0.09681293,
          0.9943514,
          -0.043503996,
          0,
          -0.90697277,
          -0.10613832,
          -0.40759656,
          0,
          -21.427402,
          6.9322014,
          30.035429,
          1
        ]
      },
      {
        "date" : 753116417.611226,
        "title" : "Untitled",
        "transform" : [
          -0.23261254,
          -3.666785e-06,
          0.9725695,
          0,
          -0.013623012,
          0.9999019,
          -0.0032544741,
          0,
          -0.97247404,
          -0.014006356,
          -0.23258972,
          0,
          -15.39037,
          7.690592,
          33.717953,
          1
        ]
      },
      {
        "date" : 753116407.236089,
        "title" : "Untitled",
        "transform" : [
          -0.8464037,
          -3.6663184e-06,
          0.5325418,
          0,
          -0.09231011,
          0.9848633,
          -0.14670773,
          0,
          -0.52448034,
          -0.17333294,
          -0.83359224,
          0,
          -12.288264,
          5.8087125,
          25.04969,
          1
        ]
      },
      {
        "date" : 753115879.195038,
        "title" : "Untitled",
        "transform" : [
          -0.09517706,
          -3.6672332e-06,
          0.9954604,
          0,
          -0.085145436,
          0.9963353,
          -0.00813718,
          0,
          -0.99181217,
          -0.085533366,
          -0.094828606,
          0,
          -8.02121,
          5.9672337,
          22.943336,
          1
        ]
      },
      {
        "date" : 753115803.674044,
        "title" : "Untitled",
        "transform" : [
          -0.7742688,
          -3.6663976e-06,
          0.6328567,
          0,
          -0.16067359,
          0.96723527,
          -0.19657056,
          0,
          -0.6121206,
          -0.2538818,
          -0.7489007,
          0,
          -0.046473026,
          -3.7482934,
          -22.245728,
          1
        ]
      },
      {
        "date" : 753115601.648537,
        "title" : "Untitled",
        "transform" : [
          -0.9725679,
          -3.6517463e-06,
          0.232619,
          0,
          -0.0013996497,
          0.999982,
          -0.005836164,
          0,
          -0.2326148,
          -0.0060016513,
          -0.9725504,
          0,
          19.540115,
          -0.3303213,
          -16.108047,
          1
        ]
      }
    ]
  },
  "sceneViewportBackgroundColors" : {

  }
}